七台河	1370800	18834	0.01373942223519113
三亚	602930	166	2.7532217670376327E-4
三明	6229087	5610	9.006135249034088E-4
三门峡	3287968	3690	0.001122273696094366
上海	167125158	414426	0.0024797343796677217
上饶	5272584	5225	9.90975203050345E-4
东莞	64145356	67272	0.0010487431077629377
东营	6197350	11358	0.0018327188233680524
中卫	895059	48	5.362774967907143E-5
中国其他	1476133	2903	0.00196662495859113
中山	39278328	75175	0.001913905296579834
临夏回族自治州	730832	222	3.0376338200845067E-4
临汾	5468489	3121	5.707243810858905E-4
临沂	21532934	53946	0.0025052786582636624
临沧	1591967	410	2.575430269597297E-4
丹东	3771308	55266	0.014654332130921155
丽水	6260735	14252	0.0022764100381185274
丽江	1118733	1225	0.0010949887059736327
乌兰察布	2127464	1267	5.955447424727281E-4
乌海	1061958	1291	0.0012156789628215052
乌鲁木齐	4465499	9063	0.0020295604141888734
乐山	7380827	80126	0.010855965056490282
九江	5137638	4735	9.21629745030693E-4
云浮	3164672	4344	0.0013726541012781103
亳州	4306676	4432	0.0010290999369351212
伊春	1835640	1538	8.378549170861389E-4
伊犁哈萨克自治州	1083511	1302	0.0012016490833964767
佛山	38850809	274011	0.007052903325642459
佳木斯	5812878	4204	7.232217844585762E-4
保定	19020861	24816	0.0013046728010892882
保山	1499819	396	2.640318598444212E-4
信阳	5075255	6299	0.0012411199043200784
克孜勒苏柯尔克孜自治州	93474	754	0.008066414190042151
克拉玛依	445655	842	0.0018893538723900776
六安	7403236	4337	5.858249014349941E-4
六盘水	18568056	56122	0.0030225027326500954
兰州	13384967	5250	3.922310753549112E-4
兴安盟	1456210	1528	0.0010492992082185948
其他	26075396	166107	0.006370258001067366
内江	4516514	2419	5.355900590588228E-4
凉山彝族自治州	18652305	9853	5.282457047533803E-4
包头	6905943	4209	6.094750564839588E-4
北京	203225269	1011409	0.0049767876060727466
北海	4493375	181967	0.04049673129885665
十堰	4102118	10299	0.002510654252266756
南京	77217228	43961	5.693159562785652E-4
南充	5099181	2093	4.104580716001256E-4
南宁	31304733	138874	0.004436198194055832
南平	5534809	8649	0.0015626555496314326
南昌	19574208	78381	0.004004299944089692
南通	16203233	57306	0.003536701595292742
南阳	8646025	12830	0.0014839189107133048
博尔塔拉蒙古自治州	245115	229	9.342553495298126E-4
厦门	30454551	45276	0.0014866743561578039
双鸭山	3729976	5035	0.0013498746372630815
台州	20680786	30817	0.001490127116058355
台湾	9887220	354277	0.03583181116633392
合肥	61202419	37337	6.100575861225355E-4
吉安	6142302	5781	9.411780794887649E-4
吉林	11950614	10101	8.452285380483379E-4
吐鲁番	192054	144	7.49789121809491E-4
吕梁	6351916	10999	0.0017316035035727802
吴忠	1381927	181	1.3097652770370648E-4
周口	6394285	11078	0.0017324845545670861
呼伦贝尔	4210073	4925	0.0011698134450400265
呼和浩特	8696172	26354	0.0030305288349862444
和田	176569	921	0.005216091159829868
咸宁	5748102	4898	8.521073564804522E-4
咸阳	8569210	3608	4.210423131187122E-4
哈密	502560	692	0.0013769500159184973
哈尔滨	26495436	17719	6.687566870007348E-4
唐山	13569543	14338	0.0010566310155028802
商丘	5345120	5717	0.0010695737420301134
商洛	1904624	21837	0.011465255084468115
喀什	1174336	2445	0.002082027630933566
嘉兴	36787660	36430	9.902777181261325E-4
嘉峪关	866599	225	2.596356561685393E-4
四平	5888234	7161	0.0012161541134404646
固原	792143	47	5.9332721490942925E-5
塔城	327379	64	1.9549207493455597E-4
大兴安岭	649708	371	5.710257531075498E-4
大同	5614532	5631	0.001002933102883731
大庆	7665122	4484	5.849874274669079E-4
大理	2102816	1058	5.031348439425989E-4
大连	19172148	17737	9.251441205231672E-4
天水	1741571	708	4.0652950697961783E-4
天津	85593099	83084	9.706857325028037E-4
太原	18077199	17843	9.870445083887166E-4
威海	7581646	7738	0.0010206226985538496
娄底	6039405	5122	8.480967909918278E-4
孝感	4669844	2734	5.854585292356661E-4
宁德	5680840	26206	0.004613050182719457
宁波	51648314	45682	8.844819213266091E-4
安庆	10110821	23591	0.0023332427702953103
安康	4151444	2030	4.889864827756318E-4
安阳	6669471	5386	8.075602997599059E-4
安顺	2182223	1501	6.878307120766301E-4
定西	1129112	680	6.022431787103494E-4
宜宾	4852636	27647	0.005697315850601611
宜昌	8775865	22989	0.002619570834328012
宜春	4554388	6810	0.0014952612733038994
宝鸡	4222083	3155	7.472614820693956E-4
宣城	4723363	3423	7.246955188495993E-4
宿州	8802212	2989	3.395737344203934E-4
宿迁	6861323	6270	9.138179327806023E-4
山南	30537	2	6.549431836788158E-5
岳阳	12554716	8382	6.676375634462779E-4
崇左	431596	1341	0.0031070723547020826
巢湖	4749748	750	1.5790311401783842E-4
巴中	2583942	2384	9.22621328187707E-4
巴彦淖尔	1733419	1035	5.970858747942649E-4
巴音	1101518	3029	0.0027498415822528547
常州	17980361	21411	0.0011907992281133843
常德	12437805	37937	0.003050136257965131
平凉	784764	106	1.3507245490363982E-4
平顶山	5911318	4113	6.957839182395534E-4
广元	2588019	3215	0.0012422629045613653
广安	2748211	47966	0.017453536136781345
广州	108716104	196137	0.0018041209423766695
庆阳	1556721	1741	0.001118376382151972
廊坊	12909411	19991	0.0015485601937997016
延安	3638777	1023	2.8113841546211816E-4
延边	5846044	4832	8.265418460757394E-4
开封	5655721	4424	7.822168031273113E-4
张家口	8580697	6598	7.689352042147625E-4
张家界	2353467	1047	4.4487558142944003E-4
张掖	1265523	224	1.770019193645631E-4
徐州	20726083	18090	8.728132566100406E-4
德宏傣族景颇族自治州	1438621	253	1.7586285755595115E-4
德州	10638673	11374	0.001069118300750479
德阳	4963663	10196	0.0020541281710704374
忻州	4055867	2641	6.511554742796053E-4
怀化	9541241	4051	4.2457789295962653E-4
怒江	275779	19	6.889574623158398E-5
恩施	5162011	4218	8.171234040376899E-4
惠州	22875692	40660	0.0017774325690344144
成都	134498748	245527	0.0018254965466295641
扬州	10449716	7508	7.184884259055462E-4
承德	4594860	1698	3.695433593188911E-4
抚州	3958476	5431	0.0013719926557594388
抚顺	4769139	5050	0.0010588913428608393
拉萨	864217	433	5.01031569617353E-4
揭阳	9887819	18180	0.0018386258890863596
攀枝花	2305311	2594	0.0011252277892223653
文山	2578623	663	2.5711397129398134E-4
新乡	9636763	6604	6.852923538744286E-4
新余	1647927	1231	7.469991085770183E-4
无锡	28548440	95970	0.0033616547874419757
日喀则	19989	0	0.0
日照	5089594	11133	0.0021874043391280325
昆明	24990394	15585	6.2363962729039E-4
昌吉	637720	505	7.918835852725334E-4
昌都	31074	2	6.436248954109545E-5
昭通	2948951	1371	4.6491108194066295E-4
晋中	7661392	5022	6.55494458448282E-4
晋城	2735388	2752	0.0010060729958601851
普洱市	2416911	534	2.2094317912409682E-4
景德镇	2463921	1473	5.97827608920903E-4
曲靖	3686561	2441	6.621347103709935E-4
朔州	1757438	419	2.3841523854611088E-4
朝阳	4832036	2918	6.038862293244504E-4
本溪	4691376	2401	5.117901442988155E-4
来宾	1757075	695	3.955437303473102E-4
杭州	78252526	118325	0.0015120917630186148
松原	4146480	4922	0.001187030927437248
林芝	47407	0	0.0
果洛	86287	15	1.7383846929433172E-4
枣庄	10788696	130258	0.01207356292178406
柳州	11744325	13633	0.0011608159685635403
株洲	17150236	6566	3.828518744581707E-4
桂林	8771898	59876	0.006825888764324437
梅州	9441922	363181	0.03846473207467717
梧州	3310348	2745	8.292179553327928E-4
楚雄	1828569	1497	8.186729623000281E-4
榆林	7200651	2966	4.119072011683388E-4
武威	1280885	531	4.145571226144424E-4
武汉	66642510	73818	0.0011076713647190058
毕节	5161925	2189	4.24066603059905E-4
永州	7455114	7111	9.538418862541874E-4
汉中	5116863	220395	0.04307228862684031
汕头	14842127	29015	0.001954908484478
汕尾	7920598	7204	9.095272856923177E-4
江门	12171664	21406	0.0017586749026262966
池州	2362483	1464	6.196869988059174E-4
沈阳	33769504	17888	5.297086981200553E-4
沧州	19283098	41378	0.002145817025874162
河池	6161179	3952	6.414356732696777E-4
河源	4732090	37897	0.008008512095078496
泉州	32246178	48984	0.0015190637476478607
泰安	8516146	18506	0.002173048700668119
泰州	11584085	13191	0.0011387174731539004
泸州	4343797	2778	6.395326485100478E-4
洛阳	9598047	7260	7.564038809145235E-4
济南	42301246	89677	0.002119961194523679
济宁	11375575	10577	9.297991530098479E-4
海东	553895	561	0.0010128273409220159
海北	149938	8	5.335538689324921E-5
海南	218461	7	3.204233249870686E-5
海口	18653633	14810	7.939472166092257E-4
海西	742705	735	9.896257598912084E-4
淄博	10579895	22257	0.002103707078378377
淮北	22935650	13908	6.063922321800342E-4
淮南	12239804	3865	3.1577303035244683E-4
淮安	11696001	5928	5.068399019459728E-4
深圳	107128449	279759	0.002611435175356641
清远	6052100	53870	0.008901042613307777
温州	39339595	366205	0.009308814694203131
渭南	7034405	6966	9.902756523117449E-4
湖州	10367613	10953	0.0010564630450615778
湘潭	14923047	4718	3.1615527311547033E-4
湘西土家族苗族自治州	6399320	1195	1.8673859097529112E-4
湛江	8574217	21954	0.0025604670373982836
滁州	10261116	17047	0.0016613202696470833
滨州	7722349	7124	9.225172288898106E-4
漯河	2933839	37952	0.012935951836484551
漳州	7506974	7067	9.413912982781078E-4
潍坊	16863736	17333	0.0010278268113305378
潮州	8133630	41341	0.005082724441608483
澳门	553290	1645	0.002973124401308536
濮阳	3946943	12823	0.0032488434720237915
烟台	22429044	18897	8.425236492469318E-4
焦作	6584418	5779	8.776781789977489E-4
牡丹江	5298594	5787	0.0010921765283394048
玉林	5402652	101000	0.018694522615930104
玉树	22389	3	1.3399437223636607E-4
玉溪	2675919	2113	7.896352617549335E-4
珠海	12763624	30392	0.002381141907658828
甘南藏族自治州	236073	20	8.471955708615555E-5
甘孜藏族自治州	784679	242	3.084063674445219E-4
白城	2913017	5058	0.0017363441407997275
白山	2659281	1903	7.156069629347181E-4
白银市	1243975	215	1.7283305532667456E-4
百色	3568965	3048	8.54029109279581E-4
益阳	21543303	2906	1.348911074592415E-4
盐城	12115011	89185	0.007361528602821739
盘锦	3623870	6452	0.001780417067941179
省直辖县级行政区划	3998729	5056	0.001264401763660403
眉山	3433970	364429	0.10612468949932585
石嘴山	1366532	456	3.3369141739820216E-4
石家庄	39506638	48760	0.0012342229677959435
福州	36642450	46599	0.0012717217325806543
秦皇岛	9511044	10710	0.0011260593474281056
红河哈尼族彝族自治州	3643789	1442	3.9574190492369345E-4
绍兴	35335064	35144	9.945927931529995E-4
绥化	5610036	3024	5.390339741135351E-4
绵阳	7651919	15424	0.0020157035117595993
聊城	10694688	25769	0.0024095139568353933
肇庆	9679231	10588	0.0010938885537497762
自治区直辖县级行政区划	1094064	954	8.719782389330058E-4
自贡	3797276	352108	0.09272647023813912
舟山	4013834	3690	9.193205299471777E-4
芜湖	15440282	8222	5.325032275964908E-4
苏州	91114096	309681	0.0033988264560074217
茂名	17987972	10012	5.565941508025474E-4
荆州	5250163	4372	8.327360502902481E-4
荆门	2960924	3076	0.0010388648948774098
莆田	10791195	50890	0.004715881790663592
莱芜	2670361	4107	0.0015379943011450512
菏泽	9075555	13073	0.0014404628697638876
萍乡	4165325	3223	7.73769153667481E-4
营口	6259663	4251	6.791100415469651E-4
葫芦岛	12388548	6228	5.02722352934339E-4
蚌埠	9268401	4794	5.172413235033746E-4
衡水	5611994	6376	0.0011361380642958634
衡阳	29532070	30091	0.001018926204631101
衢州	4243488	61111	0.014401124735123559
襄樊	7396406	10364	0.0014012210795351148
西双版纳	1820028	544	2.98896500493399E-4
西宁	4626752	3127	6.758520880306531E-4
西安	54130287	62142	0.0011480079534771357
许昌	4517051	3277	7.254733231924988E-4
贵港	4194634	3881	9.252297101487281E-4
贵阳	18765533	11505	6.130920981567643E-4
贺州	2303863	1597	6.931835790583034E-4
资阳	2553979	2254	8.82544453184619E-4
赣州	12040972	8658	7.19044940890154E-4
赤峰	4836434	3658	7.563423795300422E-4
辽源	1151038	2199	0.0019104495246898886
辽阳	3180015	3088	9.71064601896532E-4
达州	4502450	2840	6.307676931448433E-4
运城	6341107	5321	8.391279314479318E-4
连云港	10439737	8240	7.892919141545424E-4
迪庆	295154	66	2.2361208047324448E-4
通化	2507518	2547	0.0010157454502819122
通辽	5870332	2811	4.7884855575459787E-4
遂宁	3055113	6076	0.001988797141055012
遵义	6682994	2026	3.031575368764359E-4
邢台	13779372	20150	0.0014623307941755257
那曲	9985	0	0.0
邯郸	15381070	10940	7.112639107682365E-4
邵阳	36199743	10740	2.9668718918805586E-4
郑州	41510013	81401	0.0019609967358959874
郴州	9878895	10986	0.0011120676958303534
鄂尔多斯	2986963	1404	4.7004264867023796E-4
鄂州	3718858	4211	0.0011323368625529666
酒泉	2425245	7557	0.0031159738500646326
重庆	239201112	155565	6.503523277935264E-4
金华	47712306	58464	0.0012253442539541057
金昌市	712961	250	3.5065031607619493E-4
钦州	5674514	3845	6.775910677108207E-4
铁岭	5393814	6458	0.001197297496724952
铜仁	3506499	1096	3.1256247328175483E-4
铜川	1579112	907	5.74373445328767E-4
铜陵	4849524	37750	0.007784269136517316
银川	7175446	2659	3.7056929980380316E-4
锡林郭勒	1379207	418	3.030727077226261E-4
锦州	9221025	5607	6.080668906114017E-4
镇江	9818231	11956	0.001217734640792216
长春	23640239	21911	9.268518816582185E-4
长沙	72651055	66656	9.174815148933487E-4
长治	5230533	2680	5.123760809844809E-4
阜新	4440180	51621	0.0116258800318906
阜阳	12600827	4549	3.610080512969506E-4
防城港	2797138	1430	5.112368428014635E-4
阳江	5956502	122091	0.020497097121767106
阳泉	3238286	3558	0.0010987293895597856
阿克苏	660751	1460	0.002209606947246391
阿勒泰	195596	177	9.049264811141332E-4
阿坝	1934576	2293	0.0011852726385523237
阿拉善	613254	308	5.022388765503364E-4
阿里	130005	87	6.692050305757471E-4
陇南	1300048	346	2.66144019297749E-4
随州	1920151	1276	6.645310707334996E-4
雅安	2244991	2151	9.581330170143221E-4
青岛	28023837	21895	7.812991490066118E-4
鞍山	10941554	5878	5.372180222297491E-4
韶关	4442668	5803	0.0013061970869756641
香港	5010793	31979	0.0063820237635041
马鞍山	7864628	3949	5.021216515263023E-4
驻马店	2977733	1389	4.664622382194777E-4
鸡西	2785663	6063	0.0021765016084142265
鹤壁	2431904	2394	9.844138584417805E-4
鹤岗	2172520	2022	9.30716403071088E-4
鹰潭	1653849	686	4.1478998384979524E-4
黄冈	5734010	3885	6.775363140280536E-4
黄南	51883	0	0.0
黄山	8781449	4769	5.430766608107614E-4
黄石	4613040	2088	4.526299360074918E-4
黑河	2368441	4017	0.0016960523821366038
黔东南苗族侗族自治州	3743264	3101	8.284213990784514E-4
黔南布依族苗族自治州	3210949	929	2.893225647620065E-4
黔西南布依族苗族自治州	5445982	13450	0.002469710696803625
齐齐哈尔	5514539	3617	6.559025151513118E-4
龙岩	5960173	8416	0.0014120395498587038
